StartChar: careof
Encoding: 8453 8453 332
GlifName: careof
Width: 1024
VWidth: 0
GlyphClass: 2
Flags: W
LayerCount: 2
Fore
Refer: 330 99 N 0.67 0 0 0.67 -98 954 2
Refer: 594 111 N 0.67 0 0 0.67 375 -353 2
Refer: 702 47 N 0.987609 -0.186299 0.185367 0.982669 -119.278 95.8566 2
EndChar
