StartChar: fiveeighths
Encoding: 8541 8541 447
GlifName: fiveeighths
Width: 1024
VWidth: 0
GlyphClass: 2
Flags: W
LayerCount: 2
Fore
Refer: 446 53 N 0.56 0 0 0.56 -27 934 2
Refer: 702 47 N 0.740243 -0.101992 0.136492 0.990641 62 75 2
Refer: 412 56 N 0.56 0 0 0.56 539 -304 2
EndChar
