StartChar: onethird
Encoding: 8531 8531 618
GlifName: onethird
Width: 1024
VWidth: 0
GlyphClass: 2
Flags: W
LayerCount: 2
Fore
Refer: 753 185 N 1 0 0 1 -200 235 2
Refer: 702 47 N 0.857909 -0.176014 0.167297 0.934814 -22 179 2
Refer: 1754 8323 N 1 0 0 1 343 -4 2
EndChar
