StartChar: seveneighths
Encoding: 8542 8542 694
GlifName: seveneighths
Width: 1024
VWidth: 0
GlyphClass: 2
Flags: W
LayerCount: 2
Fore
Refer: 693 55 N 0.56 0 0 0.56 -37 847 2
Refer: 1735 8260 N 0.566585 -0.246217 0.398557 0.917143 -34 236 2
Refer: 412 56 N 0.56 0 0 0.56 450 -346 2
EndChar
