StartChar: threequarters
Encoding: 190 190 723
GlifName: threequarters
Width: 1024
VWidth: 0
GlyphClass: 2
Flags: W
LayerCount: 2
Fore
Refer: 752 179 N 0.705419 0 0 0.738418 -119 568 2
Refer: 702 47 N 1 0 0 1 -16 51 2
Refer: 1755 8324 N 1 0 0 1 264 -8 2
EndChar
