StartChar: threeeighths
Encoding: 8540 8540 722
GlifName: threeeighths
Width: 1024
VWidth: 0
GlyphClass: 2
Flags: W
LayerCount: 2
Fore
Refer: 721 51 N 0.56 0 0 0.56 -19 827 2
Refer: 1735 8260 N 0.616599 -0.339884 0.482741 0.875763 -87.8826 269.184 2
Refer: 412 56 N 0.56 0 0 0.56 463 -370 2
EndChar
