StartChar: tugrik
Encoding: 8366 8366 733
GlifName: tugrik
Width: 1024
VWidth: 0
GlyphClass: 2
Flags: W
LayerCount: 2
Fore
Refer: 206 84 N 1 0 0 1 0 0 2
Refer: 702 47 N 0.481996 -0.277958 0.23481 0.648103 66 438 2
Refer: 702 47 N 0.481996 -0.277958 0.23481 0.648103 173 196 2
EndChar
