StartChar: twothirds
Encoding: 8532 8532 735
GlifName: twothirds
Width: 1024
VWidth: 0
GlyphClass: 2
Flags: W
LayerCount: 2
Fore
Refer: 1754 8323 N 1 0 0 1 224 18 2
Refer: 702 47 N 0.761318 -0.271715 0.27314 0.751938 -51.4738 381.117 2
Refer: 751 178 N 1 0 0 1 -247 359 2
EndChar
