StartChar: uni0BFA
Encoding: 3066 3066 1312
GlifName: uni0B_F_A_
Width: 1024
VWidth: 0
GlyphClass: 2
Flags: W
LayerCount: 2
Fore
Refer: 1236 2984 N 1 0 0 1 -105 0 2
Refer: 1305 3059 N 0.4 0 0 0.244802 642 1284 2
Refer: 702 47 N 0.222572 -0.00124805 0.000362855 0.124597 486.383 1209.89 2
EndChar
