StartChar: uni0BF7
Encoding: 3063 3063 1309
GlifName: uni0B_F_7
Width: 1024
VWidth: 0
GlyphClass: 2
Flags: W
LayerCount: 2
Fore
Refer: 1205 2958 N 0.78658 0 0 1 -12 6 2
Refer: 1267 2997 N 0.3 0 0 0.3 725 8 2
Refer: 491 45 N 0.271228 0.128201 -0.128201 0.271228 608 -165 2
EndChar
