StartChar: uni1F2C
Encoding: 7980 7980 1545
GlifName: uni1F_2C_
Width: 1024
VWidth: 0
GlyphClass: 2
Flags: W
LayerCount: 2
Fore
Refer: 272 769 N 0.580492 0 0 1 277.574 419 2
Refer: 74 919 N 0.733427 0 0 1 332.581 -4 2
Refer: 357 787 N 0.733427 0 0 1 94.2172 51 2
EndChar
