StartChar: uni1F1D
Encoding: 7965 7965 1532
GlifName: uni1F_1D_
Width: 1024
VWidth: 0
GlyphClass: 2
Flags: W
LayerCount: 2
Fore
Refer: 272 769 N 0.711949 0 0 1 269.166 435 2
Refer: 68 917 N 0.711949 0 0 1 356.736 0 2
Refer: 359 788 N 0.711949 0 0 1 103.282 61 2
EndChar
