StartChar: uni1F0A
Encoding: 7946 7946 1515
GlifName: uni1F_0A_
Width: 1024
VWidth: 0
GlyphClass: 2
Flags: W
LayerCount: 2
Fore
Refer: 11 913 N 0.698102 0 0 1 363.299 10 2
Refer: 357 787 N 0.698102 0 0 1 79.8693 48 2
Refer: 467 768 N 0.698102 0 0 1 347.242 358 2
EndChar
