StartChar: uni1F0C
Encoding: 7948 7948 1517
GlifName: uni1F_0C_
Width: 1024
VWidth: 0
GlyphClass: 2
Flags: W
LayerCount: 2
Fore
Refer: 11 913 N 0.706627 0 0 1 351.49 10 2
Refer: 357 787 N 0.706627 0 0 1 97.1042 77 2
Refer: 272 769 N 0.706627 0 0 1 280.121 421 2
EndChar
