StartChar: uni1F2B
Encoding: 7979 7979 1544
GlifName: uni1F_2B_
Width: 1024
VWidth: 0
GlyphClass: 2
Flags: W
LayerCount: 2
Fore
Refer: 467 768 N 0.483156 0 0 1 343.987 319 2
Refer: 74 919 N 0.725665 0 0 1 336.645 0 2
Refer: 359 788 N 0.725665 0 0 1 108.787 47 2
EndChar
