StartChar: uni1F0D
Encoding: 7949 7949 1518
GlifName: uni1F_0D_
Width: 1024
VWidth: 0
GlyphClass: 2
Flags: W
LayerCount: 2
Fore
Refer: 272 769 N 0.538725 0 0 1 292.053 416 2
Refer: 359 788 N 0.719351 0 0 1 114.373 52 2
Refer: 11 913 N 0.719351 0 0 1 351.759 0 2
EndChar
