StartChar: uni1F2A
Encoding: 7978 7978 1543
GlifName: uni1F_2A_
Width: 1024
VWidth: 0
GlyphClass: 2
Flags: W
LayerCount: 2
Fore
Refer: 467 768 N 0.564865 0 0 1 344 328 2
Refer: 74 919 N 0.702993 0 0 1 374.277 -8 2
Refer: 357 787 N 0.702993 0 0 1 90 53 2
EndChar
